# Trajectory data for Python – synodic adimensional CR3BP frame
# Generated by write_python_inputs.m on 2026-06-17 15:07:36

# --- Halo parameters ---
m = 0.100000
T_halo = 3.083023392967281

# --- States (synodic adimensional: x y z vx vy vz) ---
state_after_injection = [1.010289549761334, -0.003958220431676, 0.003376734568641, -0.003422106438315, -0.007883905399497, -0.004538203307237]
state_pre_injection = [1.010948510398689, -0.000927761345043, 0.004229113254067, -0.000807684939866, -0.010929499923170, -0.001004600901316]
state_after_dsm1 = [1.004034895631404, 0.005602605002014, 0.003006570547416, -0.005314021827809, -0.006292876941285, -0.000293456353376]
state_flyby = [1.002397756126411, -0.000210014486512, 0.000166103289864, 0.081717431767421, 0.032632471693891, 0.013885077021573]
state_after_dsm2 = [1.003588273398703, 0.001635386253958, 0.000241504450731, 0.036443456260903, 0.060872130167395, 0.000418800380442]

# --- Durations (adimensional time) ---
dur_inj_to_dsm1 = 2.104042004177782
dur_dsm1_to_flyby = 0.383707952391405
dur_flyby_to_dsm2 = 0.034409489846820
dur_dsm2_to_comet = 7.158173121504331

# --- Comet flyby date (UTC ISO) ---
date_flyby = 2033-08-15T04:46:50.817
